1651 4 0 1 80 0
0.0
1.0304148969206415
0.6877004803615642
0.5073429418484973
1.562560542011059
-0.8228993532094608
-0.32919977201055073
-0.9686510734588227
-0.4964689075043467
-1.7223751578225035
1.3314791228132137
-0.2732444884290577
1.2428811437365612
0.6592318888537444
1.4488149930140088
-1.3314791228132161
0.5468046532375535
-1.4056441250859557
-0.933461959131485
-0.8463707325743964
0.8228993532094677
-0.38699003742610705
1.3947700907418006
1.2144125522287452
0.14515560766429997
-1.6895173983140772e-15
-0.1451556076643023
-1.2144125522287428
-1.3947700907418175
0.38699003742611354
-0.8228993532094561
0.8463707325743905
0.9334619591314836
1.4056441250859626
-0.5468046532375599
1.3314791228132135
-1.4488149930139973
-0.6592318888537482
-1.2428811437365648
0.2732444884290718
-1.3314791228132206
1.7223751578224982
0.4964689075043608
0.9686510734588168
0.32919977201054484
0.8228993532094713
-1.5625605420110582
-0.5073429418484996
-0.6877004803615479
-1.0304148969206468
-5.8283283949228605e-15
1.0304148969206388
0.6877004803615676
0.5073429418484876
1.5625605420110553
-0.8228993532094577
-0.32919977201055284
-0.9686510734588261
-0.4964689075043345
-1.7223751578225144
1.3314791228132081
-0.27324448842905147
1.242881143736553
0.6592318888537392
1.4488149930140204
-1.3314791228132234
0.5468046532375517
-1.405644125085946
-0.9334619591314931
-0.8463707325743995
0.8228993532094737
-0.38699003742611404
1.3947700907417944
1.2144125522287408
0.1451556076642993
-5.779094930702328e-15
-0.14515560766430474
-1.2144125522287303
-1.3947700907418317
0.38699003742610644
-0.8228993532094409
0.8463707325743783
0.9334619591314932
1.4056441250859733
-0.5468046532375742
1.3314791228132132
-1.4488149930139973
-0.6592318888537523
-1.2428811437365752
0.2732444884290748
-1.3314791228132232
1.7223751578224897
0.49646890750436157
0.9686510734588256
0.32919977201053174
0.8228993532094981
-1.5625605420110313
-0.5073429418485378
-0.6877004803615296
-1.030414896920656
-1.1656656789845721e-14
1.0304148969206457
0.687700480361578
0.5073429418484737
1.5625605420110622
-0.8228993532094415
-0.3291997720105866
-0.9686510734588136
-0.4964689075043336
-1.722375157822524
1.3314791228132055
-0.27324448842904037
1.242881143736552
0.6592318888537321
1.4488149930140168
-1.3314791228132141
0.5468046532375359
-1.4056441250859422
-0.9334619591314864
-0.8463707325744353
0.8228993532094877
-0.38699003742612004
1.3947700907417668
1.2144125522287839
0.1451556076643023
-7.73704425581028e-15
-0.14515560766429597
-1.2144125522287204
